0.0000000000 0.0000000000 
8.694000e-04 3.224567e+03 
2.077466e-03 6.850437e+03 
3.285532e-03 9.634694e+03 
4.493598e-03 1.174020e+04 
5.701664e-03 1.326869e+04 
6.909730e-03 1.432071e+04 
8.117797e-03 1.500549e+04 
9.325863e-03 1.537923e+04 
1.053393e-02 1.549620e+04 
1.174199e-02 1.540613e+04 
1.295006e-02 1.514129e+04 
1.415813e-02 1.474447e+04 
1.536619e-02 1.425158e+04 
1.657426e-02 1.368746e+04 
1.778233e-02 1.307480e+04 
1.899039e-02 1.244612e+04 
2.019846e-02 1.181893e+04 
2.140652e-02 1.120824e+04 
2.261459e-02 1.062233e+04 
2.382266e-02 1.007089e+04 
2.503072e-02 9.560186e+03 
2.623879e-02 9.092138e+03 
2.744685e-02 8.667607e+03 
2.865492e-02 8.286191e+03 
2.986299e-02 7.945261e+03 
3.100100e-02 7.660323e+03 
3.220400e-02 7.393521e+03 
3.288100e-02 7.258551e+03 
3.424300e-02 7.014877e+03 
3.555100e-02 6.810496e+03 
3.686000e-02 6.630537e+03 
3.795000e-02 6.495427e+03 
3.929100e-02 6.343904e+03 
4.039800e-02 6.226370e+03 
4.164000e-02 6.099706e+03 
4.294400e-02 5.966669e+03 
4.415000e-02 5.843411e+03 
4.542900e-02 5.705990e+03 
4.660900e-02 5.575747e+03 
4.782300e-02 5.431197e+03 
4.892900e-02 5.295094e+03 
5.031200e-02 5.116749e+03 
5.155900e-02 4.948547e+03 
5.238100e-02 4.835186e+03 
5.378200e-02 4.639213e+03 
5.513400e-02 4.448108e+03 
5.627600e-02 4.287225e+03 
5.735300e-02 4.137855e+03 
5.870100e-02 3.955774e+03 
5.988700e-02 3.802079e+03 
6.113500e-02 3.648038e+03 
6.225900e-02 3.517368e+03 
6.340100e-02 3.393462e+03 
6.480200e-02 3.253591e+03 
6.601100e-02 3.145114e+03 
6.725500e-02 3.044860e+03 
6.829100e-02 2.970686e+03 
6.958600e-02 2.887187e+03 
7.071100e-02 2.823503e+03 
7.192300e-02 2.762564e+03 
7.307400e-02 2.711249e+03 
7.412300e-02 2.669267e+03 
7.550400e-02 2.620328e+03 
7.663100e-02 2.584124e+03 
7.791200e-02 2.546747e+03 
7.912700e-02 2.513421e+03 
8.027600e-02 2.482794e+03 
8.138400e-02 2.453536e+03 
8.272200e-02 2.417795e+03 
8.406100e-02 2.380822e+03 
8.534100e-02 2.343026e+03 
8.653800e-02 2.305136e+03 
8.759800e-02 2.270057e+03 
8.900300e-02 2.220943e+03 
9.009000e-02 2.180647e+03 
9.113300e-02 2.139923e+03 
9.239600e-02 2.089471e+03 
9.358000e-02 2.040604e+03 
9.496100e-02 1.981778e+03 
9.608400e-02 1.933851e+03 
9.727500e-02 1.883388e+03 
9.852600e-02 1.830142e+03 
9.973800e-02 1.780070e+03 
1.009000e-01 1.733457e+03 
1.020900e-01 1.687821e+03 
1.034000e-01 1.640087e+03 
1.046000e-01 1.598703e+03 
1.057200e-01 1.563412e+03 
1.069100e-01 1.527936e+03 
1.082500e-01 1.492062e+03 
1.093900e-01 1.464465e+03 
1.105400e-01 1.438532e+03 
1.116900e-01 1.416067e+03 
1.129600e-01 1.392863e+03 
1.142000e-01 1.373200e+03 
1.153300e-01 1.356515e+03 
1.166400e-01 1.338878e+03 
1.177800e-01 1.324619e+03 
1.190000e-01 1.310059e+03 
1.201200e-01 1.297001e+03 
1.213400e-01 1.283113e+03 
1.227100e-01 1.266939e+03 
1.238900e-01 1.253014e+03 
1.250700e-01 1.238230e+03 
1.263200e-01 1.222343e+03 
1.275500e-01 1.205760e+03 
1.287500e-01 1.189206e+03 
1.299900e-01 1.171309e+03 
1.311300e-01 1.154543e+03 
1.323500e-01 1.135975e+03 
1.335900e-01 1.116977e+03 
1.347100e-01 1.099451e+03 
1.359800e-01 1.079708e+03 
1.372100e-01 1.060378e+03 
1.384300e-01 1.041533e+03 
1.395700e-01 1.024003e+03 
1.407700e-01 1.005971e+03 
1.420300e-01 9.874252e+02 
1.432800e-01 9.694778e+02 
1.444500e-01 9.534103e+02 
1.456300e-01 9.375686e+02 
1.468900e-01 9.215807e+02 
1.480500e-01 9.073504e+02 
1.491700e-01 8.942653e+02 
1.503800e-01 8.808926e+02 
1.516400e-01 8.674510e+02 
1.528200e-01 8.559227e+02 
1.540200e-01 8.444335e+02 
1.551900e-01 8.341509e+02 
1.564300e-01 8.236356e+02 
1.576600e-01 8.137166e+02 
1.588700e-01 8.045137e+02 
1.600900e-01 7.954288e+02 
1.612700e-01 7.871490e+02 
1.625400e-01 7.784039e+02 
1.637600e-01 7.701662e+02 
1.649500e-01 7.622794e+02 
1.662200e-01 7.539710e+02 
1.674000e-01 7.461387e+02 
1.685000e-01 7.389603e+02 
1.697500e-01 7.306831e+02 
1.710300e-01 7.221050e+02 
1.722200e-01 7.142743e+02 
1.734400e-01 7.058009e+02 
1.746400e-01 6.975906e+02 
1.758700e-01 6.891547e+02 
1.770900e-01 6.805915e+02 
1.782700e-01 6.724558e+02 
1.794600e-01 6.641740e+02 
1.807000e-01 6.555510e+02 
1.819100e-01 6.472886e+02 
1.830100e-01 6.397973e+02 
1.842200e-01 6.316780e+02 
1.855000e-01 6.232473e+02 
1.867000e-01 6.155374e+02 
1.879200e-01 6.078354e+02 
1.890900e-01 6.006073e+02 
1.902800e-01 5.935447e+02 
1.915200e-01 5.863102e+02 
1.926900e-01 5.796628e+02 
1.939000e-01 5.731098e+02 
1.951700e-01 5.663471e+02 
1.963100e-01 5.604471e+02 
1.975100e-01 5.545261e+02 
1.987800e-01 5.483608e+02 
2.000100e-01 5.425526e+02 
2.012500e-01 5.369433e+02 
2.023400e-01 5.320854e+02 
2.036100e-01 5.265362e+02 
2.048900e-01 5.211355e+02 
2.060400e-01 5.163563e+02 
2.072200e-01 5.115258e+02 
2.084200e-01 5.067204e+02 
2.096900e-01 5.017110e+02 
2.109200e-01 4.969327e+02 
2.121100e-01 4.923463e+02 
2.132700e-01 4.879369e+02 
2.145200e-01 4.832536e+02 
2.157200e-01 4.787722e+02 
2.168800e-01 4.744772e+02 
2.180700e-01 4.701321e+02 
2.193400e-01 4.655317e+02 
2.206000e-01 4.609792e+02 
2.217500e-01 4.568827e+02 
2.229500e-01 4.526662e+02 
2.241400e-01 4.484711e+02 
2.253500e-01 4.442627e+02 
2.264900e-01 4.403514e+02 
2.277100e-01 4.362023e+02 
2.289900e-01 4.318893e+02 
2.301500e-01 4.280349e+02 
2.313600e-01 4.240680e+02 
2.325600e-01 4.201741e+02 
2.337700e-01 4.163008e+02 
2.350000e-01 4.124170e+02 
2.362000e-01 4.086866e+02 
2.374100e-01 4.049840e+02 
2.386500e-01 4.012407e+02 
2.399100e-01 3.974889e+02 
2.410400e-01 3.941984e+02 
2.422500e-01 3.907233e+02 
2.435000e-01 3.871807e+02 
2.447300e-01 3.837486e+02 
2.458700e-01 3.806385e+02 
2.470600e-01 3.774319e+02 
2.483300e-01 3.740538e+02 
2.495600e-01 3.708426e+02 
2.507600e-01 3.677735e+02 
2.519600e-01 3.647424e+02 
2.532200e-01 3.615998e+02 
2.543700e-01 3.587872e+02 
2.555500e-01 3.559490e+02 
2.568000e-01 3.529793e+02 
2.580100e-01 3.501401e+02 
2.592400e-01 3.473023e+02 
2.604100e-01 3.446408e+02 
2.616100e-01 3.419431e+02 
2.628400e-01 3.392109e+02 
2.640600e-01 3.365440e+02 
2.652200e-01 3.340418e+02 
2.664300e-01 3.314618e+02 
2.676500e-01 3.288909e+02 
2.688400e-01 3.264144e+02 
2.700700e-01 3.238857e+02 
2.712400e-01 3.215078e+02 
2.724800e-01 3.190165e+02 
2.736700e-01 3.166514e+02 
2.748800e-01 3.142723e+02 
2.761000e-01 3.119007e+02 
2.773200e-01 3.095561e+02 
2.785400e-01 3.072364e+02 
2.797000e-01 3.050516e+02 
2.808900e-01 3.028346e+02 
2.821400e-01 3.005318e+02 
2.833900e-01 2.982549e+02 
2.845500e-01 2.961570e+02 
2.857800e-01 2.939566e+02 
2.870300e-01 2.917454e+02 
2.882100e-01 2.896809e+02 
2.893900e-01 2.876347e+02 
2.906300e-01 2.855057e+02 
2.918900e-01 2.833665e+02 
2.930500e-01 2.814182e+02 
2.942500e-01 2.794223e+02 
2.954200e-01 2.774919e+02 
2.966500e-01 2.754840e+02 
2.978900e-01 2.734816e+02 
2.990400e-01 2.716438e+02 
3.002700e-01 2.696968e+02 
3.015100e-01 2.677542e+02 
3.026800e-01 2.659403e+02 
3.038500e-01 2.641446e+02 
3.050300e-01 2.623517e+02 
3.062600e-01 2.604996e+02 
3.075000e-01 2.586520e+02 
3.087000e-01 2.568825e+02 
3.099100e-01 2.551164e+02 
3.111200e-01 2.533684e+02 
3.123100e-01 2.516671e+02 
3.135300e-01 2.499405e+02 
3.147300e-01 2.482592e+02 
3.159900e-01 2.465118e+02 
3.171800e-01 2.448806e+02 
3.183700e-01 2.432670e+02 
3.196300e-01 2.415755e+02 
3.208400e-01 2.399676e+02 
3.220300e-01 2.384016e+02 
3.232000e-01 2.368801e+02 
3.244300e-01 2.352973e+02 
3.256700e-01 2.337175e+02 
3.269200e-01 2.321408e+02 
3.280800e-01 2.306916e+02 
3.292500e-01 2.292486e+02 
3.304800e-01 2.277476e+02 
3.317100e-01 2.262612e+02 
3.328900e-01 2.248486e+02 
3.340700e-01 2.234490e+02 
3.353600e-01 2.219388e+02 
3.365300e-01 2.205841e+02 
3.377100e-01 2.192302e+02 
3.389200e-01 2.178547e+02 
3.401600e-01 2.164582e+02 
3.413700e-01 2.151139e+02 
3.425300e-01 2.138405e+02 
3.437700e-01 2.124916e+02 
3.449800e-01 2.111876e+02 
3.461800e-01 2.099061e+02 
3.473600e-01 2.086593e+02 
3.485800e-01 2.073870e+02 
3.498100e-01 2.061159e+02 
3.510200e-01 2.048768e+02 
3.522000e-01 2.036791e+02 
3.533900e-01 2.024817e+02 
3.546400e-01 2.012438e+02 
3.558400e-01 2.000666e+02 
3.570600e-01 1.988802e+02 
3.582700e-01 1.977140e+02 
3.595000e-01 1.965389e+02 
3.607100e-01 1.953976e+02 
3.618900e-01 1.942977e+02 
3.631200e-01 1.931611e+02 
3.643200e-01 1.920618e+02 
3.655500e-01 1.909447e+02 
3.667300e-01 1.898822e+02 
3.679500e-01 1.888004e+02 
3.691900e-01 1.877103e+02 
3.703600e-01 1.866904e+02 
3.715700e-01 1.856444e+02 
3.727700e-01 1.846158e+02 
3.739900e-01 1.835809e+02 
3.752000e-01 1.825672e+02 
3.763900e-01 1.815784e+02 
3.775800e-01 1.805977e+02 
3.788200e-01 1.795842e+02 
3.800300e-01 1.786035e+02 
3.812100e-01 1.776586e+02 
3.824200e-01 1.767001e+02 
3.836100e-01 1.757649e+02 
3.848600e-01 1.747907e+02 
3.860400e-01 1.738785e+02 
3.872400e-01 1.729583e+02 
3.884600e-01 1.720344e+02 
3.896500e-01 1.711420e+02 
3.908700e-01 1.702343e+02 
3.920600e-01 1.693560e+02 
3.933100e-01 1.684409e+02 
3.945300e-01 1.675549e+02 
3.957200e-01 1.667015e+02 
3.969300e-01 1.658417e+02 
3.981700e-01 1.649676e+02 
3.993500e-01 1.641423e+02 
4.094840e-01 1.573283e+02 
4.272360e-01 1.465026e+02 
4.454600e-01 1.366349e+02 
4.630560e-01 1.281316e+02 
4.804610e-01 1.205722e+02 
4.980690e-01 1.136736e+02 
5.159230e-01 1.073462e+02 
5.317440e-01 1.022298e+02 
5.489640e-01 9.712696e+01 
5.671990e-01 9.219499e+01 
5.838690e-01 8.805154e+01 
6.018840e-01 8.393132e+01 
6.202330e-01 8.007608e+01 
6.379250e-01 7.664018e+01 
6.545410e-01 7.365049e+01 
6.714560e-01 7.081268e+01 
6.892080e-01 6.803796e+01 
7.066010e-01 6.550626e+01 
7.240540e-01 6.313102e+01 
7.420450e-01 6.084398e+01 
7.593780e-01 5.878174e+01 
7.764720e-01 5.687006e+01 
7.942840e-01 5.499823e+01 
8.116170e-01 5.328532e+01 
8.288310e-01 5.168148e+01 
8.462240e-01 5.015043e+01 
8.631980e-01 4.873815e+01 
8.810700e-01 4.733156e+01 
8.989410e-01 4.600117e+01 
9.166330e-01 4.475272e+01 
9.345640e-01 4.355344e+01 
9.515980e-01 4.247050e+01 
9.688720e-01 4.142491e+01 
9.865640e-01 4.040594e+01 
1.031870e+00 3.800412e+01 
1.063490e+00 3.648802e+01 
1.097920e+00 3.496829e+01 
1.134370e+00 3.348743e+01 
1.167730e+00 3.223626e+01 
1.203830e+00 3.098256e+01 
1.240470e+00 2.980286e+01 
1.275790e+00 2.874604e+01 
1.309140e+00 2.781292e+01 
1.342970e+00 2.692418e+01 
1.378420e+00 2.604956e+01 
1.413200e+00 2.524306e+01 
1.448110e+00 2.447996e+01 
1.484090e+00 2.373738e+01 
1.518820e+00 2.306055e+01 
1.552880e+00 2.243054e+01 
1.588630e+00 2.180300e+01 
1.623230e+00 2.122539e+01 
1.657720e+00 2.067805e+01 
1.692450e+00 2.015180e+01 
1.726400e+00 1.966098e+01 
1.762200e+00 1.916597e+01 
1.797880e+00 1.869456e+01 
1.833270e+00 1.824721e+01 
1.869070e+00 1.781399e+01 
1.903200e+00 1.741740e+01 
1.937740e+00 1.703200e+01 
1.973190e+00 1.665153e+01 
2.007440e+00 1.629790e+01 
2.042160e+00 1.595245e+01 
2.077900e+00 1.560992e+01 
2.112390e+00 1.529167e+01 
2.146220e+00 1.498970e+01 
2.181600e+00 1.468475e+01 
2.216930e+00 1.439035e+01 
2.250760e+00 1.411773e+01 
2.286500e+00 1.383929e+01 
2.321770e+00 1.357353e+01 
2.355950e+00 1.332352e+01 
2.391280e+00 1.307325e+01 
2.426240e+00 1.283291e+01 
2.460670e+00 1.260332e+01 
2.495640e+00 1.237725e+01 
2.531080e+00 1.215434e+01 
2.566220e+00 1.193960e+01 
2.600830e+00 1.173406e+01 
2.635080e+00 1.153629e+01 
2.670340e+00 1.133810e+01 
2.705970e+00 1.114314e+01 
2.740040e+00 1.096167e+01 
2.774520e+00 1.078262e+01 
2.809730e+00 1.060431e+01 
2.844390e+00 1.043343e+01 
2.879960e+00 1.026244e+01 
2.914860e+00 1.009858e+01 
2.949410e+00 9.940456e+00 
2.984440e+00 9.783715e+00 
3.019760e+00 9.629568e+00 
3.054730e+00 9.480836e+00 
3.089030e+00 9.337643e+00 
3.124060e+00 9.194980e+00 
3.159560e+00 9.053768e+00 
3.194710e+00 8.916882e+00 
3.229010e+00 8.786504e+00 
3.263320e+00 8.658360e+00 
3.297930e+00 8.532127e+00 
3.332830e+00 8.407492e+00 
3.368040e+00 8.284347e+00 
3.403300e+00 8.163717e+00 
3.438450e+00 8.045765e+00 
3.473060e+00 7.932334e+00 
3.508440e+00 7.818189e+00 
3.543110e+00 7.708924e+00 
3.577470e+00 7.602463e+00 
3.613040e+00 7.494653e+00 
3.648120e+00 7.390193e+00 
3.682910e+00 7.288785e+00 
3.718050e+00 7.188271e+00 
3.753320e+00 7.089344e+00 
3.787980e+00 6.993781e+00 
3.822290e+00 6.901032e+00 
3.857020e+00 6.808813e+00 
3.891920e+00 6.717954e+00 
3.926650e+00 6.629072e+00 
3.961970e+00 6.540432e+00 
3.997360e+00 6.452990e+00 
4.031670e+00 6.369929e+00 
4.066330e+00 6.287285e+00 
4.101420e+00 6.205371e+00 
4.136200e+00 6.125204e+00 
4.170810e+00 6.047093e+00 
4.206250e+00 5.968250e+00 
4.241580e+00 5.891202e+00 
4.276300e+00 5.816678e+00 
4.310970e+00 5.743565e+00 
4.346120e+00 5.670717e+00 
4.380600e+00 5.600317e+00 
4.414730e+00 5.531985e+00 
4.450350e+00 5.461533e+00 
4.485320e+00 5.393744e+00 
4.519810e+00 5.327861e+00 
4.555430e+00 5.260999e+00 
4.590870e+00 5.195606e+00 
4.625480e+00 5.132610e+00 
4.659910e+00 5.071122e+00 
4.695230e+00 5.008845e+00 
4.729960e+00 4.948703e+00 
4.764450e+00 4.889956e+00 
4.799530e+00 4.831095e+00 
4.834910e+00 4.772836e+00 
4.869700e+00 4.716198e+00 
4.904370e+00 4.660713e+00 
4.939450e+00 4.605495e+00 
4.973940e+00 4.551944e+00 
5.008430e+00 4.499339e+00 
5.043810e+00 4.446120e+00 
5.078840e+00 4.394241e+00 
5.113500e+00 4.343811e+00 
5.148890e+00 4.292908e+00 
5.184210e+00 4.242987e+00 
5.219060e+00 4.194519e+00 
5.253660e+00 4.147031e+00 
5.288570e+00 4.099934e+00 
5.323420e+00 4.053571e+00 
5.358440e+00 4.007609e+00 
5.393590e+00 3.962256e+00 
5.428310e+00 3.918079e+00 
5.462800e+00 3.874852e+00 
5.497640e+00 3.831902e+00 
5.532670e+00 3.789252e+00 
5.567280e+00 3.747744e+00 
5.602000e+00 3.706776e+00 
5.637270e+00 3.665675e+00 
5.672410e+00 3.625352e+00 
5.707020e+00 3.586273e+00 
5.742040e+00 3.547215e+00 
5.777430e+00 3.508344e+00 
5.812210e+00 3.470750e+00 
5.846820e+00 3.433812e+00 
5.881610e+00 3.397230e+00 
5.916510e+00 3.361102e+00 
5.951600e+00 3.325253e+00 
5.986560e+00 3.290049e+00 
6.021830e+00 3.255079e+00 
6.056490e+00 3.221163e+00 
6.091160e+00 3.187685e+00 
6.125830e+00 3.154708e+00 
6.161090e+00 3.121644e+00 
6.195760e+00 3.089557e+00 
6.230420e+00 3.057953e+00 
6.265690e+00 3.026266e+00 
6.300950e+00 2.994992e+00 
6.335620e+00 2.964692e+00 
6.370880e+00 2.934326e+00 
6.405550e+00 2.904848e+00 
6.440220e+00 2.875770e+00 
6.475480e+00 2.846623e+00 
6.510150e+00 2.818361e+00 
6.544810e+00 2.790477e+00 
6.580080e+00 2.762506e+00 
6.614750e+00 2.735398e+00 
6.649410e+00 2.708631e+00 
6.684080e+00 2.682218e+00 
6.719340e+00 2.655730e+00 
6.754010e+00 2.630039e+00 
6.788680e+00 2.604683e+00 
6.823940e+00 2.579249e+00 
6.859800e+00 2.553742e+00 
6.894470e+00 2.529421e+00 
6.929140e+00 2.505428e+00 
6.963800e+00 2.481763e+00 
6.999070e+00 2.458003e+00 
7.033730e+00 2.434950e+00 
7.068400e+00 2.412195e+00 
7.103660e+00 2.389359e+00 
7.138330e+00 2.367199e+00 
7.173600e+00 2.344947e+00 
7.208260e+00 2.323366e+00 
7.243530e+00 2.301691e+00 
7.277600e+00 2.281037e+00 
7.312860e+00 2.259948e+00 
7.348120e+00 2.239132e+00 
7.382790e+00 2.218926e+00 
7.417460e+00 2.198970e+00 
7.452720e+00 2.178929e+00 
7.487390e+00 2.159473e+00 
7.522650e+00 2.139934e+00 
7.557320e+00 2.120986e+00 
7.591990e+00 2.102281e+00 
7.627250e+00 2.083494e+00 
7.662510e+00 2.064941e+00 
7.697180e+00 2.046951e+00 
7.731850e+00 2.029191e+00 
7.766510e+00 2.011650e+00 
7.801180e+00 1.994316e+00 
7.836440e+00 1.976918e+00 
7.871110e+00 1.960027e+00 
7.906380e+00 1.943050e+00 
7.941040e+00 1.926566e+00 
7.976310e+00 1.910008e+00 
8.011570e+00 1.893673e+00 
8.046240e+00 1.877801e+00 
8.080900e+00 1.862117e+00 
8.115570e+00 1.846622e+00 
8.150830e+00 1.831084e+00 
8.185500e+00 1.815984e+00 
8.220770e+00 1.800799e+00 
8.255430e+00 1.786049e+00 
8.290100e+00 1.771502e+00 
8.324770e+00 1.757124e+00 
8.359430e+00 1.742911e+00 
8.394700e+00 1.728613e+00 
8.429960e+00 1.714502e+00 
8.464630e+00 1.700804e+00 
8.499890e+00 1.687029e+00 
8.534560e+00 1.673636e+00 
8.569200e+00 1.660401e+00 
