# Parameters:
# omega_b = 0.023000, omega_m = 0.132300, n_s = 0.950000, h = 70.000000, w = -1.000000, sigma_8 = 0.800000
# z = 2.000000
#
# k[1/Mpc] # P(k):
8.694000e-04 3.607779e+03 
2.077466e-03 7.569317e+03 
3.285532e-03 1.056582e+04 
4.493598e-03 1.281125e+04 
5.701664e-03 1.441900e+04 
6.909730e-03 1.550708e+04 
8.117797e-03 1.620010e+04 
9.325863e-03 1.656105e+04 
1.053393e-02 1.664866e+04 
1.174199e-02 1.651576e+04 
1.295006e-02 1.619724e+04 
1.415813e-02 1.573945e+04 
1.536619e-02 1.518114e+04 
1.657426e-02 1.454955e+04 
1.778233e-02 1.386931e+04 
1.899039e-02 1.317529e+04 
2.019846e-02 1.248599e+04 
2.140652e-02 1.181723e+04 
2.261459e-02 1.117763e+04 
2.382266e-02 1.057710e+04 
2.503072e-02 1.002176e+04 
2.623879e-02 9.513210e+03 
2.744685e-02 9.052049e+03 
2.865492e-02 8.637758e+03 
2.986299e-02 8.267425e+03 
3.100100e-02 7.957815e+03 
3.220400e-02 7.667931e+03 
3.288100e-02 7.521359e+03 
3.424300e-02 7.257108e+03 
3.555100e-02 7.036224e+03 
3.686000e-02 6.842765e+03 
3.795000e-02 6.698439e+03 
3.929100e-02 6.538141e+03 
4.039800e-02 6.415001e+03 
4.164000e-02 6.283400e+03 
4.294400e-02 6.146602e+03 
4.415000e-02 6.020445e+03 
4.542900e-02 5.880250e+03 
4.660900e-02 5.747420e+03 
4.782300e-02 5.599691e+03 
4.892900e-02 5.460263e+03 
5.031200e-02 5.276869e+03 
5.155900e-02 5.103134e+03 
5.238100e-02 4.985697e+03 
5.378200e-02 4.782135e+03 
5.513400e-02 4.583076e+03 
5.627600e-02 4.415251e+03 
5.735300e-02 4.259510e+03 
5.870100e-02 4.070106e+03 
5.988700e-02 3.910919e+03 
6.113500e-02 3.752285e+03 
6.225900e-02 3.618551e+03 
6.340100e-02 3.492416e+03 
6.480200e-02 3.350609e+03 
6.601100e-02 3.240810e+03 
6.725500e-02 3.139179e+03 
6.829100e-02 3.063676e+03 
6.958600e-02 2.978266e+03 
7.071100e-02 2.912691e+03 
7.192300e-02 2.849553e+03 
7.307400e-02 2.796056e+03 
7.412300e-02 2.752050e+03 
7.550400e-02 2.700429e+03 
7.663100e-02 2.662057e+03 
7.791200e-02 2.622226e+03 
7.912700e-02 2.586588e+03 
8.027600e-02 2.553792e+03 
8.138400e-02 2.522460e+03 
8.272200e-02 2.484233e+03 
8.406100e-02 2.444796e+03 
8.534100e-02 2.404659e+03 
8.653800e-02 2.364611e+03 
8.759800e-02 2.327662e+03 
8.900300e-02 2.276135e+03 
9.009000e-02 2.234034e+03 
9.113300e-02 2.191642e+03 
9.239600e-02 2.139261e+03 
9.358000e-02 2.088682e+03 
9.496100e-02 2.028008e+03 
9.608400e-02 1.978686e+03 
9.727500e-02 1.926837e+03 
9.852600e-02 1.872299e+03 
9.973800e-02 1.821073e+03 
1.009000e-01 1.773434e+03 
1.020900e-01 1.726882e+03 
1.034000e-01 1.678212e+03 
1.046000e-01 1.636040e+03 
1.057200e-01 1.600085e+03 
1.069100e-01 1.563938e+03 
1.082500e-01 1.527357e+03 
1.093900e-01 1.499179e+03 
1.105400e-01 1.472677e+03 
1.116900e-01 1.449635e+03 
1.129600e-01 1.425799e+03 
1.142000e-01 1.405489e+03 
1.153300e-01 1.388201e+03 
1.166400e-01 1.369838e+03 
1.177800e-01 1.354904e+03 
1.190000e-01 1.339611e+03 
1.201200e-01 1.325822e+03 
1.213400e-01 1.311142e+03 
1.227100e-01 1.294007e+03 
1.238900e-01 1.279259e+03 
1.250700e-01 1.263627e+03 
1.263200e-01 1.246855e+03 
1.275500e-01 1.229408e+03 
1.287500e-01 1.212037e+03 
1.299900e-01 1.193329e+03 
1.311300e-01 1.175861e+03 
1.323500e-01 1.156598e+03 
1.335900e-01 1.136950e+03 
1.347100e-01 1.118905e+03 
1.359800e-01 1.098623e+03 
1.372100e-01 1.078859e+03 
1.384300e-01 1.059625e+03 
1.395700e-01 1.041810e+03 
1.407700e-01 1.023492e+03 
1.420300e-01 1.004733e+03 
1.432800e-01 9.865772e+02 
1.444500e-01 9.703652e+02 
1.456300e-01 9.543796e+02 
1.468900e-01 9.382438e+02 
1.480500e-01 9.238801e+02 
1.491700e-01 9.106541e+02 
1.503800e-01 8.971139e+02 
1.516400e-01 8.834898e+02 
1.528200e-01 8.717446e+02 
1.540200e-01 8.600393e+02 
1.551900e-01 8.494915e+02 
1.564300e-01 8.386867e+02 
1.576600e-01 8.284561e+02 
1.588700e-01 8.189161e+02 
1.600900e-01 8.094958e+02 
1.612700e-01 8.008499e+02 
1.625400e-01 7.917186e+02 
1.637600e-01 7.831052e+02 
1.649500e-01 7.748518e+02 
1.662200e-01 7.661611e+02 
1.674000e-01 7.579863e+02 
1.685000e-01 7.504948e+02 
1.697500e-01 7.418852e+02 
1.710300e-01 7.329904e+02 
1.722200e-01 7.248714e+02 
1.734400e-01 7.161522e+02 
1.746400e-01 7.077070e+02 
1.758700e-01 6.990503e+02 
1.770900e-01 6.903033e+02 
1.782700e-01 6.819934e+02 
1.794600e-01 6.735606e+02 
1.807000e-01 6.647976e+02 
1.819100e-01 6.564013e+02 
1.830100e-01 6.488077e+02 
1.842200e-01 6.405809e+02 
1.855000e-01 6.320386e+02 
1.867000e-01 6.242314e+02 
1.879200e-01 6.164322e+02 
1.890900e-01 6.091113e+02 
1.902800e-01 6.019504e+02 
1.915200e-01 5.946153e+02 
1.926900e-01 5.878713e+02 
1.939000e-01 5.812100e+02 
1.951700e-01 5.743357e+02 
1.963100e-01 5.683332e+02 
1.975100e-01 5.622954e+02 
1.987800e-01 5.560088e+02 
2.000100e-01 5.500815e+02 
2.012500e-01 5.443456e+02 
2.023400e-01 5.393784e+02 
2.036100e-01 5.337023e+02 
2.048900e-01 5.281702e+02 
2.060400e-01 5.232749e+02 
2.072200e-01 5.183272e+02 
2.084200e-01 5.134036e+02 
2.096900e-01 5.082712e+02 
2.109200e-01 5.033758e+02 
2.121100e-01 4.986816e+02 
2.132700e-01 4.941689e+02 
2.145200e-01 4.893762e+02 
2.157200e-01 4.847958e+02 
2.168800e-01 4.804088e+02 
2.180700e-01 4.759707e+02 
2.193400e-01 4.712757e+02 
2.206000e-01 4.666363e+02 
2.217500e-01 4.624616e+02 
2.229500e-01 4.581650e+02 
2.241400e-01 4.538985e+02 
2.253500e-01 4.496189e+02 
2.264900e-01 4.456415e+02 
2.277100e-01 4.414257e+02 
2.289900e-01 4.370471e+02 
2.301500e-01 4.331340e+02 
2.313600e-01 4.291069e+02 
2.325600e-01 4.251581e+02 
2.337700e-01 4.212302e+02 
2.350000e-01 4.172917e+02 
2.362000e-01 4.135097e+02 
2.374100e-01 4.097568e+02 
2.386500e-01 4.059626e+02 
2.399100e-01 4.021599e+02 
2.410400e-01 3.988246e+02 
2.422500e-01 3.953023e+02 
2.435000e-01 3.917115e+02 
2.447300e-01 3.882326e+02 
2.458700e-01 3.850792e+02 
2.470600e-01 3.818279e+02 
2.483300e-01 3.784028e+02 
2.495600e-01 3.751463e+02 
2.507600e-01 3.720329e+02 
2.519600e-01 3.689580e+02 
2.532200e-01 3.657701e+02 
2.543700e-01 3.629160e+02 
2.555500e-01 3.600356e+02 
2.568000e-01 3.570216e+02 
2.580100e-01 3.541401e+02 
2.592400e-01 3.512591e+02 
2.604100e-01 3.485567e+02 
2.616100e-01 3.458174e+02 
2.628400e-01 3.430433e+02 
2.640600e-01 3.403347e+02 
2.652200e-01 3.377931e+02 
2.664300e-01 3.351724e+02 
2.676500e-01 3.325610e+02 
2.688400e-01 3.300451e+02 
2.700700e-01 3.274758e+02 
2.712400e-01 3.250598e+02 
2.724800e-01 3.225285e+02 
2.736700e-01 3.201252e+02 
2.748800e-01 3.177072e+02 
2.761000e-01 3.152970e+02 
2.773200e-01 3.129143e+02 
2.785400e-01 3.105568e+02 
2.797000e-01 3.083362e+02 
2.808900e-01 3.060828e+02 
2.821400e-01 3.037424e+02 
2.833900e-01 3.014284e+02 
2.845500e-01 2.992959e+02 
2.857800e-01 2.970593e+02 
2.870300e-01 2.948118e+02 
2.882100e-01 2.927134e+02 
2.893900e-01 2.906335e+02 
2.906300e-01 2.884695e+02 
2.918900e-01 2.862951e+02 
2.930500e-01 2.843147e+02 
2.942500e-01 2.822860e+02 
2.954200e-01 2.803239e+02 
2.966500e-01 2.782829e+02 
2.978900e-01 2.762476e+02 
2.990400e-01 2.743797e+02 
3.002700e-01 2.724007e+02 
3.015100e-01 2.704261e+02 
3.026800e-01 2.685823e+02 
3.038500e-01 2.667571e+02 
3.050300e-01 2.649347e+02 
3.062600e-01 2.630520e+02 
3.075000e-01 2.611738e+02 
3.087000e-01 2.593750e+02 
3.099100e-01 2.575797e+02 
3.111200e-01 2.558029e+02 
3.123100e-01 2.540732e+02 
3.135300e-01 2.523178e+02 
3.147300e-01 2.506085e+02 
3.159900e-01 2.488321e+02 
3.171800e-01 2.471736e+02 
3.183700e-01 2.455329e+02 
3.196300e-01 2.438131e+02 
3.208400e-01 2.421782e+02 
3.220300e-01 2.405860e+02 
3.232000e-01 2.390388e+02 
3.244300e-01 2.374292e+02 
3.256700e-01 2.358227e+02 
3.269200e-01 2.342194e+02 
3.280800e-01 2.327458e+02 
3.292500e-01 2.312783e+02 
3.304800e-01 2.297518e+02 
3.317100e-01 2.282401e+02 
3.328900e-01 2.268036e+02 
3.340700e-01 2.253805e+02 
3.353600e-01 2.238447e+02 
3.365300e-01 2.224669e+02 
3.377100e-01 2.210901e+02 
3.389200e-01 2.196913e+02 
3.401600e-01 2.182713e+02 
3.413700e-01 2.169042e+02 
3.425300e-01 2.156093e+02 
3.437700e-01 2.142377e+02 
3.449800e-01 2.129117e+02 
3.461800e-01 2.116086e+02 
3.473600e-01 2.103409e+02 
3.485800e-01 2.090472e+02 
3.498100e-01 2.077549e+02 
3.510200e-01 2.064951e+02 
3.522000e-01 2.052775e+02 
3.533900e-01 2.040602e+02 
3.546400e-01 2.028020e+02 
3.558400e-01 2.016054e+02 
3.570600e-01 2.003996e+02 
3.582700e-01 1.992142e+02 
3.595000e-01 1.980199e+02 
3.607100e-01 1.968601e+02 
3.618900e-01 1.957425e+02 
3.631200e-01 1.945876e+02 
3.643200e-01 1.934707e+02 
3.655500e-01 1.923357e+02 
3.667300e-01 1.912562e+02 
3.679500e-01 1.901574e+02 
3.691900e-01 1.890504e+02 
3.703600e-01 1.880146e+02 
3.715700e-01 1.869524e+02 
3.727700e-01 1.859077e+02 
3.739900e-01 1.848570e+02 
3.752000e-01 1.838279e+02 
3.763900e-01 1.828241e+02 
3.775800e-01 1.818286e+02 
3.788200e-01 1.807999e+02 
3.800300e-01 1.798044e+02 
3.812100e-01 1.788456e+02 
3.824200e-01 1.778731e+02 
3.836100e-01 1.769244e+02 
3.848600e-01 1.759361e+02 
3.860400e-01 1.750107e+02 
3.872400e-01 1.740771e+02 
3.884600e-01 1.731402e+02 
3.896500e-01 1.722353e+02 
3.908700e-01 1.713151e+02 
3.920600e-01 1.704246e+02 
3.933100e-01 1.694967e+02 
3.945300e-01 1.685984e+02 
3.957200e-01 1.677336e+02 
3.969300e-01 1.668624e+02 
3.981700e-01 1.659767e+02 
3.993500e-01 1.651405e+02 
4.094840e-01 1.582386e+02 
4.272360e-01 1.472863e+02 
4.454600e-01 1.373139e+02 
4.630560e-01 1.287278e+02 
4.804610e-01 1.210998e+02 
4.980690e-01 1.141417e+02 
5.159230e-01 1.077617e+02 
5.317440e-01 1.026037e+02 
5.489640e-01 9.746004e+01 
5.671990e-01 9.248900e+01 
5.838690e-01 8.831284e+01 
6.018840e-01 8.416038e+01 
6.202330e-01 8.027502e+01 
6.379250e-01 7.681236e+01 
6.545410e-01 7.379931e+01 
6.714560e-01 7.093955e+01 
6.892080e-01 6.814320e+01 
7.066010e-01 6.559180e+01 
7.240540e-01 6.319816e+01 
7.420450e-01 6.089336e+01 
7.593780e-01 5.881514e+01 
7.764720e-01 5.688870e+01 
7.942840e-01 5.500253e+01 
8.116170e-01 5.327643e+01 
8.288310e-01 5.166027e+01 
8.462240e-01 5.011744e+01 
8.631980e-01 4.869436e+01 
8.810700e-01 4.727704e+01 
8.989410e-01 4.593664e+01 
9.166330e-01 4.467873e+01 
9.345640e-01 4.347043e+01 
9.515980e-01 4.237945e+01 
9.688720e-01 4.132607e+01 
9.865640e-01 4.029958e+01 
1.031870e+00 3.788035e+01 
1.063490e+00 3.635353e+01 
1.097920e+00 3.482318e+01 
1.134370e+00 3.333230e+01 
1.167730e+00 3.207289e+01 
1.203830e+00 3.081130e+01 
1.240470e+00 2.962439e+01 
1.275790e+00 2.856143e+01 
1.309140e+00 2.762316e+01 
1.342970e+00 2.672970e+01 
1.378420e+00 2.585064e+01 
1.413200e+00 2.504035e+01 
1.448110e+00 2.427392e+01 
1.484090e+00 2.352824e+01 
1.518820e+00 2.284887e+01 
1.552880e+00 2.221669e+01 
1.588630e+00 2.158719e+01 
1.623230e+00 2.100792e+01 
1.657720e+00 2.045924e+01 
1.692450e+00 1.993180e+01 
1.726400e+00 1.944010e+01 
1.762200e+00 1.894434e+01 
1.797880e+00 1.847240e+01 
1.833270e+00 1.802465e+01 
1.869070e+00 1.759125e+01 
1.903200e+00 1.719456e+01 
1.937740e+00 1.680918e+01 
1.973190e+00 1.642889e+01 
2.007440e+00 1.607554e+01 
2.042160e+00 1.573046e+01 
2.077900e+00 1.538841e+01 
2.112390e+00 1.507072e+01 
2.146220e+00 1.476935e+01 
2.181600e+00 1.446513e+01 
2.216930e+00 1.417149e+01 
2.250760e+00 1.389968e+01 
2.286500e+00 1.362215e+01 
2.321770e+00 1.335732e+01 
2.355950e+00 1.310823e+01 
2.391280e+00 1.285902e+01 
2.426240e+00 1.261974e+01 
2.460670e+00 1.239121e+01 
2.495640e+00 1.216626e+01 
2.531080e+00 1.194456e+01 
2.566220e+00 1.173100e+01 
2.600830e+00 1.152664e+01 
2.635080e+00 1.133006e+01 
2.670340e+00 1.113315e+01 
2.705970e+00 1.093948e+01 
2.740040e+00 1.075926e+01 
2.774520e+00 1.058149e+01 
2.809730e+00 1.040450e+01 
2.844390e+00 1.023492e+01 
2.879960e+00 1.006529e+01 
2.914860e+00 9.902786e+00 
2.949410e+00 9.745992e+00 
2.984440e+00 9.590600e+00 
3.019760e+00 9.437825e+00 
3.054730e+00 9.290448e+00 
3.089030e+00 9.148607e+00 
3.124060e+00 9.007320e+00 
3.159560e+00 8.867511e+00 
3.194710e+00 8.732007e+00 
3.229010e+00 8.602960e+00 
3.263320e+00 8.476177e+00 
3.297930e+00 8.351300e+00 
3.332830e+00 8.228033e+00 
3.368040e+00 8.106268e+00 
3.403300e+00 7.987012e+00 
3.438450e+00 7.870435e+00 
3.473060e+00 7.758336e+00 
3.508440e+00 7.645578e+00 
3.543110e+00 7.537651e+00 
3.577470e+00 7.432523e+00 
3.613040e+00 7.326076e+00 
3.648120e+00 7.222963e+00 
3.682910e+00 7.122879e+00 
3.718050e+00 7.023708e+00 
3.753320e+00 6.926112e+00 
3.787980e+00 6.831850e+00 
3.822290e+00 6.740380e+00 
3.857020e+00 6.649458e+00 
3.891920e+00 6.559888e+00 
3.926650e+00 6.472286e+00 
3.961970e+00 6.384933e+00 
3.997360e+00 6.298779e+00 
4.031670e+00 6.216951e+00 
4.066330e+00 6.135562e+00 
4.101420e+00 6.054896e+00 
4.136200e+00 5.975970e+00 
4.170810e+00 5.899072e+00 
4.206250e+00 5.821478e+00 
4.241580e+00 5.745657e+00 
4.276300e+00 5.672332e+00 
4.310970e+00 5.600404e+00 
4.346120e+00 5.528748e+00 
4.380600e+00 5.459517e+00 
4.414730e+00 5.392322e+00 
4.450350e+00 5.323056e+00 
4.485320e+00 5.256411e+00 
4.519810e+00 5.191661e+00 
4.555430e+00 5.125962e+00 
4.590870e+00 5.061711e+00 
4.625480e+00 4.999823e+00 
4.659910e+00 4.939419e+00 
4.695230e+00 4.878255e+00 
4.729960e+00 4.819194e+00 
4.764450e+00 4.761512e+00 
4.799530e+00 4.703733e+00 
4.834910e+00 4.646548e+00 
4.869700e+00 4.590962e+00 
4.904370e+00 4.536509e+00 
4.939450e+00 4.482328e+00 
4.973940e+00 4.429794e+00 
5.008430e+00 4.378191e+00 
5.043810e+00 4.325995e+00 
5.078840e+00 4.275119e+00 
5.113500e+00 4.225666e+00 
5.148890e+00 4.175767e+00 
5.184210e+00 4.126832e+00 
5.219060e+00 4.079326e+00 
5.253660e+00 4.032786e+00 
5.288570e+00 3.986630e+00 
5.323420e+00 3.941201e+00 
5.358440e+00 3.896172e+00 
5.393590e+00 3.851742e+00 
5.428310e+00 3.808476e+00 
5.462800e+00 3.766145e+00 
5.497640e+00 3.724089e+00 
5.532670e+00 3.682331e+00 
5.567280e+00 3.641693e+00 
5.602000e+00 3.601587e+00 
5.637270e+00 3.561360e+00 
5.672410e+00 3.521899e+00 
5.707020e+00 3.483656e+00 
5.742040e+00 3.445442e+00 
5.777430e+00 3.407416e+00 
5.812210e+00 3.370638e+00 
5.846820e+00 3.334510e+00 
5.881610e+00 3.298733e+00 
5.916510e+00 3.263401e+00 
5.951600e+00 3.228350e+00 
5.986560e+00 3.193933e+00 
6.021830e+00 3.159747e+00 
6.056490e+00 3.126596e+00 
6.091160e+00 3.093876e+00 
6.125830e+00 3.061648e+00 
6.161090e+00 3.029338e+00 
6.195760e+00 2.997989e+00 
6.230420e+00 2.967112e+00 
6.265690e+00 2.936155e+00 
6.300950e+00 2.905612e+00 
6.335620e+00 2.876021e+00 
6.370880e+00 2.846366e+00 
6.405550e+00 2.817584e+00 
6.440220e+00 2.789196e+00 
6.475480e+00 2.760740e+00 
6.510150e+00 2.733152e+00 
6.544810e+00 2.705939e+00 
6.580080e+00 2.678641e+00 
6.614750e+00 2.652187e+00 
6.649410e+00 2.626070e+00 
6.684080e+00 2.600300e+00 
6.719340e+00 2.574458e+00 
6.754010e+00 2.549396e+00 
6.788680e+00 2.524666e+00 
6.823940e+00 2.499861e+00 
6.859800e+00 2.474986e+00 
6.894470e+00 2.451274e+00 
6.929140e+00 2.427884e+00 
6.963800e+00 2.404814e+00 
6.999070e+00 2.381653e+00 
7.033730e+00 2.359187e+00 
7.068400e+00 2.337011e+00 
7.103660e+00 2.314758e+00 
7.138330e+00 2.293165e+00 
7.173600e+00 2.271485e+00 
7.208260e+00 2.250459e+00 
7.243530e+00 2.229342e+00 
7.277600e+00 2.209224e+00 
7.312860e+00 2.188687e+00 
7.348120e+00 2.168416e+00 
7.382790e+00 2.148740e+00 
7.417460e+00 2.129310e+00 
7.452720e+00 2.109800e+00 
7.487390e+00 2.090860e+00 
7.522650e+00 2.071840e+00 
7.557320e+00 2.053398e+00 
7.591990e+00 2.035194e+00 
7.627250e+00 2.016911e+00 
7.662510e+00 1.998856e+00 
7.697180e+00 1.981354e+00 
7.731850e+00 1.964077e+00 
7.766510e+00 1.947014e+00 
7.801180e+00 1.930152e+00 
7.836440e+00 1.913231e+00 
7.871110e+00 1.896808e+00 
7.906380e+00 1.880301e+00 
7.941040e+00 1.864274e+00 
7.976310e+00 1.848176e+00 
8.011570e+00 1.832297e+00 
8.046240e+00 1.816869e+00 
8.080900e+00 1.801624e+00 
8.115570e+00 1.786563e+00 
8.150830e+00 1.771465e+00 
8.185500e+00 1.756792e+00 
8.220770e+00 1.742037e+00 
8.255430e+00 1.727706e+00 
8.290100e+00 1.713575e+00 
8.324770e+00 1.699610e+00 
8.359430e+00 1.685806e+00 
8.394700e+00 1.671918e+00 
8.429960e+00 1.658215e+00 
8.464630e+00 1.644915e+00 
8.499890e+00 1.631541e+00 
8.534560e+00 1.618537e+00 
8.569200e+00 1.605687e+00 
